1.502500072169232093e+00,1.272568421466581867e+01
1.507500072883772191e+00,1.404521236765418735e+01
1.512500073598311845e+00,1.521325911325453717e+01
1.517500074312851721e+00,1.665458645164204654e+01
1.522500075027391375e+00,1.775190305946597391e+01
1.527500075741931251e+00,1.874930667431232223e+01
1.532500076456470905e+00,1.937990860804103477e+01
1.537500077171010782e+00,1.951549195149794969e+01
1.542500077885550436e+00,2.014496616591640077e+01
1.547500078600090090e+00,2.116843446725232525e+01
1.552500079314630188e+00,2.180503074174686162e+01
1.557500080029169620e+00,2.219191857082876140e+01
1.562500080743709496e+00,2.207105881068054032e+01
1.567500081458249372e+00,2.177315734755586618e+01
1.572500082172789027e+00,2.169935455228988985e+01
1.577500082887328903e+00,2.123660003751666636e+01
1.582500083601868335e+00,2.087892951447184942e+01
1.587500084316408433e+00,2.088258564390974925e+01
1.592500085030948087e+00,2.068584835964992408e+01
1.597500085745487741e+00,2.076325239913552423e+01
1.602500086460027617e+00,2.079587539060582912e+01
1.607500087174567494e+00,2.103931881133820525e+01
1.612500087889107148e+00,2.139029734430818053e+01
1.617500088603646802e+00,2.249091744381058788e+01
1.622500089318186678e+00,2.366584164324461881e+01
1.627500090032726332e+00,2.337797703280267569e+01
1.632500090747266430e+00,2.116206901057495315e+01
1.637500091461805862e+00,1.813953282660037303e+01
1.642500092176345738e+00,1.629360006830881957e+01
1.647500092890885615e+00,1.549708965765699986e+01
1.652500093605425047e+00,1.500648744200003648e+01
1.657500094319965145e+00,1.423437661502043738e+01
1.662500095034504799e+00,1.324995651654376161e+01
1.667500095749044675e+00,1.216371670577808572e+01
1.672500096463584329e+00,1.128298505796982454e+01
1.677500097178123983e+00,1.066231228682471510e+01
1.682500097892663860e+00,1.020497341027282800e+01
1.687500098607203736e+00,9.753116677153172986e+00
1.692500099321743390e+00,9.332636614975513112e+00
1.697500100036283044e+00,8.801855671419616556e+00
1.702500100750823142e+00,8.653739791362852429e+00
1.707500101465362574e+00,8.386198710689086511e+00
1.712500102179902450e+00,7.821086201259390691e+00
1.717500102894442326e+00,7.204541868597743814e+00
1.722500103608981981e+00,6.457876162454169844e+00
1.727500104323521857e+00,6.356830631497984996e+00
1.732500105038061289e+00,6.527366498305354980e+00
1.737500105752601387e+00,6.880967394493211486e+00
1.742500106467141041e+00,7.313369830212536726e+00
1.747500107181680695e+00,7.842472130428575383e+00
1.752500107896220571e+00,9.001706017670187521e+00
1.757500108610760448e+00,1.213398192523771968e+01
1.762500109325300102e+00,1.698699539438115380e+01
1.767500110039839756e+00,2.418020705545268356e+01
1.772500110754379632e+00,3.599811655436076308e+01
1.777500111468919286e+00,5.632730478955596709e+01
1.782500112183459384e+00,9.515951618807321211e+01
1.787500112897998816e+00,1.457164450831215277e+02
1.792500113612538692e+00,1.625723248260400737e+02
1.797500114327078569e+00,1.440121431189473924e+02
1.802500115041618223e+00,9.271474748409718813e+01
1.807500115756158099e+00,5.376062724689728611e+01
1.812500116470697753e+00,3.437663399548119969e+01
1.817500117185237629e+00,2.407083875901929559e+01
1.822500117899777283e+00,1.807058132469279599e+01
1.827500118614316937e+00,1.404476027731487875e+01
1.832500119328856814e+00,1.092622069519262595e+01
1.837500120043396690e+00,8.889781494416013174e+00
1.842500120757936344e+00,7.532899491891214439e+00
1.847500121472475998e+00,6.926511691018390593e+00
1.852500122187016096e+00,6.603438602519133838e+00
1.857500122901555528e+00,6.517063444160612562e+00
1.862500123616095404e+00,6.919444934223861310e+00
1.867500124330635058e+00,7.341450348631781253e+00
1.872500125045175157e+00,7.778607572214696120e+00
1.877500125759714811e+00,8.122287960512096561e+00
1.882500126474254243e+00,8.458931193754210653e+00
1.887500127188794341e+00,8.461738392557492716e+00
1.892500127903333995e+00,8.526658446500334776e+00
1.897500128617873427e+00,8.959826979411843695e+00
1.902500129332413525e+00,9.630184758013854207e+00
1.907500130046953402e+00,1.054445938180452913e+01
1.912500130761493056e+00,1.116503637723184283e+01
1.917500131476032710e+00,1.188780343639388093e+01
1.922500132190572586e+00,1.268076125729356818e+01
1.927500132905112240e+00,1.341867930596021097e+01
1.932500133619652338e+00,1.418885143208569843e+01
1.937500134334191770e+00,1.501579679714785698e+01
1.942500135048731869e+00,1.598162120292340660e+01
1.947500135763271523e+00,1.712295923054023206e+01
1.952500136477810955e+00,1.818115734631959413e+01
1.957500137192351053e+00,1.969123264238015736e+01
1.962500137906890707e+00,2.229248074715616212e+01
1.967500138621430139e+00,2.512999560114730002e+01
1.972500139335970237e+00,2.700072658617540355e+01
1.977500140050510113e+00,2.694002637729391836e+01
1.982500140765049768e+00,2.552697931227135086e+01
1.987500141479589422e+00,2.418628127473817813e+01
1.992500142194129298e+00,2.333490717498887079e+01
1.997500142908669396e+00,2.311279332335305980e+01
2.002500143623208384e+00,2.319152273325272517e+01
2.007500144337748704e+00,2.357287858831597305e+01
2.012500145052288580e+00,2.408902734815552549e+01
2.017500145766828012e+00,2.461449384633493764e+01
2.022500146481367889e+00,2.503427042152873128e+01
2.027500147195907765e+00,2.553239113657144799e+01
2.032500147910447641e+00,2.574702211078266600e+01
2.037500148624987073e+00,2.661128183275627634e+01
2.042500149339526949e+00,2.812677021337992755e+01
2.047500150054066825e+00,3.018543748260111670e+01
2.052500150768606257e+00,3.320389205103180075e+01
2.057500151483146134e+00,3.766844445553357446e+01
2.062500152197686010e+00,4.282288201769011948e+01
2.067500152912225886e+00,4.724830282844760632e+01
2.072500153626765762e+00,4.875624318978100291e+01
2.077500154341305194e+00,4.688733484151464381e+01
2.082500155055845070e+00,4.351125002993632052e+01
2.087500155770384946e+00,4.156373153734250536e+01
2.092500156484924378e+00,4.287929531900402935e+01
2.097500157199464255e+00,4.938849612841050885e+01
2.102500157914004575e+00,6.413529201946101921e+01
2.107500158628544007e+00,9.442441373146641581e+01
2.112500159343083439e+00,1.369991295819614834e+02
2.117500160057623759e+00,1.529485635821664005e+02
2.122500160772163191e+00,1.370259632594805339e+02
2.127500161486702623e+00,9.923744477489253768e+01
2.132500162201242500e+00,7.299271924155846136e+01
2.137500162915782820e+00,6.286494990275446071e+01
2.142500163630322252e+00,6.242989397779234650e+01
2.147500164344861684e+00,7.017947688098149683e+01
2.152500165059402004e+00,8.367804222183627871e+01
2.157500165773941436e+00,9.393613110215471806e+01
2.162500166488480868e+00,9.703374261426961311e+01
2.167500167203021189e+00,9.741623227874742952e+01
2.172500167917561065e+00,1.023515569176289546e+02
2.177500168632100497e+00,1.161954418909551805e+02
2.182500169346640373e+00,1.323655327082848316e+02
2.187500170061180249e+00,1.336903635347405839e+02
2.192500170775719681e+00,1.092941838513550579e+02
2.197500171490259557e+00,7.124222212712578539e+01
2.202500172204799433e+00,4.778095071177614273e+01
2.207500172919339310e+00,3.559394521093292951e+01
2.212500173633879186e+00,2.876184542380383391e+01
2.217500174348418618e+00,2.441814757967648575e+01
2.222500175062958494e+00,2.135088890840563636e+01
2.227500175777497926e+00,1.881407952534522110e+01
2.232500176492037802e+00,1.719603739245411589e+01
2.237500177206577678e+00,1.608866322080291411e+01
2.242500177921117555e+00,1.503045194534786333e+01
2.247500178635657431e+00,1.429143535204178761e+01
2.252500179350196863e+00,1.397419526158648750e+01
2.257500180064736739e+00,1.366367432060650344e+01
2.262500180779277059e+00,1.311528635336139814e+01
2.267500181493816047e+00,1.291543882283872335e+01
2.272500182208355923e+00,1.303747155160527882e+01
2.277500182922896244e+00,1.352097801101689356e+01
2.282500183637435676e+00,1.401330922761553666e+01
2.287500184351975108e+00,1.435136089264869952e+01
2.292500185066515428e+00,1.483992419228701465e+01
2.297500185781055304e+00,1.558301515347079658e+01
2.302500186495594292e+00,1.737208875537459107e+01
2.307500187210134612e+00,2.064160533579428147e+01
2.312500187924674488e+00,2.614996931198498942e+01
2.317500188639213921e+00,3.556534461048227058e+01
2.322500189353753797e+00,5.155858069262308163e+01
2.327500190068293673e+00,7.168822232030117902e+01
2.332500190782833549e+00,8.323983450726660749e+01
2.337500191497372981e+00,7.800825959933098375e+01
2.342500192211912857e+00,5.913950570222522174e+01
2.347500192926452733e+00,3.936341269734924708e+01
2.352500193640992165e+00,2.696377553290761853e+01
2.357500194355532042e+00,1.977053172403179815e+01
2.362500195070071918e+00,1.586132995641099797e+01
2.367500195784611794e+00,1.371033379735001745e+01
2.372500196499151670e+00,1.260121608064883958e+01
2.377500197213691102e+00,1.208242013718489716e+01
2.382500197928230978e+00,1.157235388682397570e+01
2.387500198642770854e+00,1.076704364712372808e+01
2.392500199357310287e+00,1.023089341078861025e+01
2.397500200071850163e+00,1.016407986530902008e+01
2.402500200786390039e+00,1.012038686572458346e+01
2.407500201500929915e+00,9.917392202307325988e+00
2.412500202215469347e+00,9.405663157308310929e+00
2.417500202930009223e+00,9.308752842950923423e+00
2.422500203644549099e+00,9.585779547234210440e+00
2.427500204359088531e+00,1.027090427309815368e+01
2.432500205073628408e+00,1.134967351196036134e+01
2.437500205788168728e+00,1.255235420474974717e+01
2.442500206502708160e+00,1.400166933770873356e+01
2.447500207217247592e+00,1.653661996397266876e+01
2.452500207931787912e+00,2.076119125835140267e+01
2.457500208646327344e+00,2.643940256625114671e+01
2.462500209360866776e+00,3.212107034322116306e+01
2.467500210075407097e+00,3.613668120191744038e+01
2.472500210789946973e+00,3.953290826961665516e+01
2.477500211504486405e+00,4.415622935236706326e+01
2.482500212219026281e+00,4.993722869288836819e+01
2.487500212933566157e+00,5.202453862105011240e+01
2.492500213648105589e+00,4.688478462231586263e+01
2.497500214362645465e+00,3.567657825775114588e+01
2.502500215077185342e+00,2.464843586527774733e+01
2.507500215791725218e+00,1.759428393085050857e+01
2.512500216506264650e+00,1.355621787760236430e+01
2.517500217220804526e+00,1.168436534717426412e+01
2.522500217935344402e+00,1.081818502792054915e+01
2.527500218649883834e+00,1.016938901826824804e+01
2.532500219364423710e+00,9.815198442031316972e+00
2.537500220078963586e+00,9.518076114500161111e+00
2.542500220793503463e+00,9.283008036661669848e+00
2.547500221508043339e+00,9.178884010507033508e+00
2.552500222222582771e+00,9.246120930121037418e+00
2.557500222937122647e+00,9.488178895038231531e+00
2.562500223651662967e+00,9.881143729847565282e+00
2.567500224366201955e+00,1.021958269715065626e+01
2.572500225080741831e+00,1.039245392146659697e+01
2.577500225795282152e+00,1.047935883070346108e+01
2.582500226509821584e+00,1.051485490037003956e+01
2.587500227224361016e+00,1.063738143489547383e+01
2.592500227938901336e+00,1.077913993878894416e+01
2.597500228653441212e+00,1.086915808155072227e+01
2.602500229367980644e+00,1.138709218797276890e+01
2.607500230082520076e+00,1.193143402531427455e+01
2.612500230797060397e+00,1.255346466078697176e+01
2.617500231511599829e+00,1.330959210810368631e+01
2.622500232226139261e+00,1.453918335879211554e+01
2.627500232940679581e+00,1.643374773186582161e+01
2.632500233655219457e+00,1.935386192271425898e+01
2.637500234369758889e+00,2.398175789378979061e+01
2.642500235084298765e+00,2.984335656607214560e+01
2.647500235798838641e+00,3.576508544608356033e+01
2.652500236513378074e+00,3.973215499313351984e+01
2.657500237227917950e+00,4.025275539672139757e+01
2.662500237942457826e+00,3.832775262151585594e+01
2.667500238656997702e+00,3.592038445233464472e+01
2.672500239371537578e+00,3.545616894146428422e+01
2.677500240086077010e+00,3.831109410598429577e+01
2.682500240800616886e+00,4.285385425594535036e+01
2.687500241515156763e+00,4.537340126395503148e+01
2.692500242229696195e+00,4.341997850077922294e+01
2.697500242944236071e+00,3.697727049359934881e+01
2.702500243658775947e+00,2.875140439090591826e+01
2.707500244373315823e+00,2.234880640786741424e+01
2.712500245087855255e+00,1.823167667989235952e+01
2.717500245802395131e+00,1.577881079588843249e+01
2.722500246516935007e+00,1.431077680026220378e+01
2.727500247231474440e+00,1.367173281992364764e+01
2.732500247946014316e+00,1.322375079480457316e+01
2.737500248660554636e+00,1.302964728845387299e+01
2.742500249375094068e+00,1.294963265800612362e+01
2.747500250089633500e+00,1.253541505813836920e+01
2.752500250804173820e+00,1.218181176924019837e+01
2.757500251518713252e+00,1.219422356269484453e+01
2.762500252233252684e+00,1.238449041381727511e+01
2.767500252947793005e+00,1.264965737103983656e+01
2.772500253662332881e+00,1.284666938017494431e+01
2.777500254376872313e+00,1.295683051297692145e+01
2.782500255091412189e+00,1.339961622304559796e+01
2.787500255805952065e+00,1.417534302360303400e+01
2.792500256520491497e+00,1.496901980589768755e+01
2.797500257235031373e+00,1.592000115955841011e+01
2.802500257949571250e+00,1.691156867146577270e+01
2.807500258664111126e+00,1.787003370899640231e+01
2.812500259378650558e+00,1.885015612123714845e+01
2.817500260093190434e+00,2.027922382886856667e+01
2.822500260807730310e+00,2.281416952342561899e+01
2.827500261522270186e+00,2.685087852866507774e+01
2.832500262236809618e+00,3.333140925958940670e+01
2.837500262951349495e+00,4.234146636701763100e+01
2.842500263665889371e+00,5.252516514192126351e+01
2.847500264380429247e+00,6.072370339046238996e+01
2.852500265094968679e+00,6.397642954926658376e+01
2.857500265809508555e+00,6.362374795889672896e+01
2.862500266524048875e+00,6.274782320959582194e+01
2.867500267238588307e+00,6.384390582491494115e+01
2.872500267953127739e+00,6.866466209573502510e+01
2.877500268667668060e+00,7.780531812327308216e+01
2.882500269382207492e+00,9.266093520974163766e+01
2.887500270096746924e+00,1.142682982861173286e+02
2.892500270811286800e+00,1.466585160098347274e+02
2.897500271525826676e+00,1.966206010870848218e+02
2.902500272240366552e+00,2.733546990326153150e+02
2.907500272954905984e+00,3.823303645369514925e+02
2.912500273669446305e+00,5.240780653726817491e+02
2.917500274383985737e+00,6.902057229218312386e+02
2.922500275098525169e+00,8.563362732110549587e+02
2.927500275813065489e+00,9.531973885913541835e+02
2.932500276527604921e+00,9.039378229529543205e+02
2.937500277242144797e+00,7.599775093815862874e+02
2.942500277956684673e+00,5.457043375022694818e+02
2.947500278671224549e+00,3.464811725223084977e+02
2.952500279385763982e+00,2.246326106024206979e+02
2.957500280100304302e+00,1.573776265618448633e+02
2.962500280814843734e+00,1.205893395033683646e+02
2.967500281529383166e+00,1.004602044637521772e+02
2.972500282243923486e+00,8.789974800946060896e+01
2.977500282958462918e+00,8.033827917419114328e+01
2.982500283673002794e+00,7.760274395109269108e+01
2.987500284387542226e+00,8.025083173810457993e+01
2.992500285102082547e+00,9.059279540634526029e+01
2.997500285816621979e+00,1.141970360169389664e+02
3.002500286531161411e+00,1.524258999401818073e+02
3.007500287245701731e+00,1.988333534161175180e+02
3.012500287960241163e+00,2.373239791365966198e+02
3.017500288674781039e+00,2.587222511476466593e+02
3.022500289389320915e+00,2.726147894881695493e+02
3.027500290103860792e+00,2.854373352876277181e+02
3.032500290818400224e+00,2.909026072113795749e+02
3.037500291532940100e+00,2.762891808552390103e+02
3.042500292247479976e+00,2.428393769290933619e+02
3.047500292962019408e+00,2.002276145284148470e+02
3.052500293676559728e+00,1.712357346206123339e+02
3.057500294391099160e+00,1.641850373985748206e+02
3.062500295105639037e+00,1.719676238334261029e+02
3.067500295820178913e+00,1.890791715534595028e+02
3.072500296534718789e+00,2.118422319633018560e+02
3.077500297249258221e+00,2.340503342478430113e+02
3.082500297963798097e+00,2.459324323937441363e+02
3.087500298678337973e+00,2.313874327773527853e+02
3.092500299392877405e+00,1.928793968014439884e+02
3.097500300107417281e+00,1.380650738542293539e+02
3.102500300821957158e+00,9.718455682695622500e+01
3.107500301536497034e+00,7.838019080533729266e+01
3.112500302251036466e+00,6.957196979808986725e+01
3.117500302965576342e+00,6.355714611195708130e+01
3.122500303680116218e+00,5.784674768571352388e+01
3.127500304394655650e+00,5.147954293393883063e+01
3.132500305109195970e+00,4.458307590328882952e+01
3.137500305823735403e+00,3.799033497368719736e+01
3.142500306538275279e+00,3.229807195014666377e+01
3.147500307252815155e+00,2.799494537333379185e+01
3.152500307967354587e+00,2.548508008990421558e+01
3.157500308681894463e+00,2.410237999666367159e+01
3.162500309396434339e+00,2.301659493511874643e+01
3.167500310110974215e+00,2.207691810360682894e+01
3.172500310825513647e+00,2.130151852802072199e+01
3.177500311540053524e+00,2.055030107159205954e+01
3.182500312254593400e+00,2.003979901303711131e+01
3.187500312969132832e+00,1.985458762079446160e+01
3.192500313683672708e+00,1.981825583273274560e+01
3.197500314398212584e+00,1.950158496710605505e+01
3.202500315112752460e+00,1.923261952335565184e+01
3.207500315827291892e+00,1.904768646923565711e+01
3.212500316541832213e+00,1.902284665685004938e+01
3.217500317256371645e+00,1.935659745938841070e+01
3.222500317970911521e+00,1.978076144301877548e+01
3.227500318685451397e+00,1.999740653292195702e+01
3.232500319399990829e+00,2.013618243909201055e+01
3.237500320114530705e+00,2.021464780478794410e+01
3.242500320829070581e+00,2.001644403467946631e+01
3.247500321543610458e+00,1.980458264837955085e+01
3.252500322258149890e+00,1.976471310272620485e+01
3.257500322972690210e+00,1.976339305547185177e+01
3.262500323687229642e+00,2.031488524030066856e+01
3.267500324401769074e+00,2.100880028911069530e+01
3.272500325116308950e+00,2.133889311874969508e+01
3.277500325830848826e+00,2.150656024548368350e+01
3.282500326545388702e+00,2.140011834946693625e+01
3.287500327259928135e+00,2.130238484116529207e+01
3.292500327974468455e+00,2.143349402348047761e+01
3.297500328689007887e+00,2.166879259957835302e+01
3.302500329403547319e+00,2.196300349126454421e+01
3.307500330118087639e+00,2.251007691321967741e+01
3.312500330832627071e+00,2.292068060738711210e+01
3.317500331547166947e+00,2.329562513596061990e+01
3.322500332261706824e+00,2.379721397905251479e+01
3.327500332976246700e+00,2.419630164017985408e+01
3.332500333690786132e+00,2.445704096073080791e+01
3.337500334405326008e+00,2.465091510240250727e+01
3.342500335119865884e+00,2.489869311362076587e+01
3.347500335834405316e+00,2.529135888463417814e+01
3.352500336548945636e+00,2.579761236823031822e+01
3.357500337263485068e+00,2.626713496060989428e+01
3.362500337978024945e+00,2.678013784124397034e+01
3.367500338692564377e+00,2.765746329125016700e+01
3.372500339407104697e+00,2.861677365824499475e+01
3.377500340121644129e+00,2.954202157120647598e+01
3.382500340836183561e+00,3.078395653228210449e+01
3.387500341550723881e+00,3.239462198711515839e+01
3.392500342265263313e+00,3.427100156509266071e+01
3.397500342979803190e+00,3.683070877662453313e+01
3.402500343694343066e+00,4.064504365378087414e+01
3.407500344408882942e+00,4.630032087530673834e+01
3.412500345123422374e+00,5.336237782327265222e+01
3.417500345837962250e+00,6.091456896785695108e+01
3.422500346552502126e+00,6.862264623844896505e+01
3.427500347267041558e+00,7.568751781272572998e+01
3.432500347981581879e+00,8.042059601705460636e+01
3.437500348696121311e+00,8.187465670150555752e+01
3.442500349410661187e+00,7.927459485509808701e+01
3.447500350125201063e+00,7.319808866831368732e+01
3.452500350839740495e+00,6.530152116396664042e+01
3.457500351554280371e+00,5.701575046088697718e+01
3.462500352268820247e+00,5.033538589698173382e+01
3.467500352983360123e+00,4.580972430854131972e+01
3.472500353697899556e+00,4.284002175876730689e+01
3.477500354412439432e+00,4.098210584247232191e+01
3.482500355126979308e+00,3.967217524663766426e+01
3.487500355841518740e+00,3.887490155706433370e+01
3.492500356556058616e+00,3.828658477596439980e+01
3.497500357270598492e+00,3.782276318525208580e+01
3.502500357985138368e+00,3.748378341491428500e+01
3.507500358699677800e+00,3.751092837270937252e+01
3.512500359414218121e+00,3.760962281058419876e+01
3.517500360128757553e+00,3.761956882273085512e+01
3.522500360843297429e+00,3.745691503505321407e+01
3.527500361557837305e+00,3.741265748407965930e+01
3.532500362272376737e+00,3.754692672635206918e+01
3.537500362986916613e+00,3.767650614898116146e+01
3.542500363701456489e+00,3.798970013372030508e+01
3.547500364415996366e+00,3.837830427181887671e+01
3.552500365130535798e+00,3.877790687770522027e+01
3.557500365845075674e+00,3.964622150852551385e+01
3.562500366559615550e+00,4.061128032353252593e+01
3.567500367274154982e+00,4.150933691612385701e+01
3.572500367988694858e+00,4.221552427283643283e+01
3.577500368703234734e+00,4.261345926554520247e+01
3.582500369417774611e+00,4.295849338389319882e+01
3.587500370132314043e+00,4.288207674897330435e+01
3.592500370846854363e+00,4.215399566216672156e+01
3.597500371561393795e+00,4.095669511491712456e+01
3.602500372275933227e+00,3.964681443327071975e+01
3.607500372990473547e+00,3.833554006109005741e+01
3.612500373705012979e+00,3.701680990576585373e+01
3.617500374419552855e+00,3.598039927572489205e+01
3.622500375134092732e+00,3.560861277497195942e+01
3.627500375848632608e+00,3.553592175427007760e+01
3.632500376563172040e+00,3.578882637169505188e+01
3.637500377277712360e+00,3.571691638366235111e+01
3.642500377992251792e+00,3.535447392813676970e+01
3.647500378706791224e+00,3.463266224534476123e+01
3.652500379421331100e+00,3.370905448637768131e+01
3.657500380135870977e+00,3.259879826398065461e+01
3.662500380850410853e+00,3.167083147287280553e+01
3.667500381564950285e+00,3.130785543428942219e+01
3.672500382279490605e+00,3.137465764989394756e+01
3.677500382994030037e+00,3.127081565920917683e+01
3.682500383708569469e+00,3.087018068220294253e+01
3.687500384423109789e+00,3.036532952359505089e+01
3.692500385137649221e+00,3.004591540293955632e+01
3.697500385852189098e+00,3.000478367729380125e+01
3.702500386566728974e+00,2.992700382364409961e+01
3.707500387281268850e+00,2.970965093305716209e+01
3.712500387995808282e+00,2.973368681420060966e+01
3.717500388710348158e+00,2.975727054022939910e+01
3.722500389424888034e+00,2.967039712066411994e+01
3.727500390139427910e+00,2.997890629046509048e+01
3.732500390853967343e+00,3.073545174831878057e+01
3.737500391568507219e+00,3.218284222109900838e+01
3.742500392283047095e+00,3.412202242090546633e+01
3.747500392997586527e+00,3.652868071108684944e+01
3.752500393712126403e+00,3.920055745585773366e+01
3.757500394426666279e+00,4.201486079179016997e+01
3.762500395141205711e+00,4.425910769227300534e+01
3.767500395855746476e+00,4.508916229759893213e+01
3.772500396570285464e+00,4.388732917668903610e+01
3.777500397284825340e+00,4.057955303413041293e+01
3.782500397999365660e+00,3.643568116135674018e+01
3.787500398713904648e+00,3.288754815345112092e+01
3.792500399428444524e+00,3.024879402438722309e+01
3.797500400142984844e+00,2.864763398242644143e+01
3.802500400857523832e+00,2.757556448481403777e+01
3.807500401572063708e+00,2.671957759325078996e+01
3.812500402286604029e+00,2.609314241921612165e+01
3.817500403001143017e+00,2.540366728217571790e+01
3.822500403715683781e+00,2.473179048107232347e+01
3.827500404430223213e+00,2.386716520644216644e+01
3.832500405144762201e+00,2.273833014589109780e+01
3.837500405859302965e+00,2.175417066573902503e+01
3.842500406573842398e+00,2.076186558837190432e+01
3.847500407288382274e+00,1.980552366685770949e+01
3.852500408002922150e+00,1.918697460057603621e+01
3.857500408717461138e+00,1.889374755085071911e+01
3.862500409432001458e+00,1.895505868978324315e+01
3.867500410146541334e+00,1.903427946197740539e+01
3.872500410861080322e+00,1.903098736579693195e+01
3.877500411575620642e+00,1.897775550415070711e+01
3.882500412290160519e+00,1.871611693996868553e+01
3.887500413004699507e+00,1.836290380753558793e+01
3.892500413719240715e+00,1.799521435351164200e+01
3.897500414433779703e+00,1.759932651115894942e+01
3.902500415148318691e+00,1.757194912104898776e+01
3.907500415862859899e+00,1.766947119864579463e+01
3.912500416577398887e+00,1.820641774486034592e+01
3.917500417291938763e+00,1.922976615230561492e+01
3.922500418006479084e+00,2.094048551194151742e+01
3.927500418721018072e+00,2.340130028495701708e+01
3.932500419435557948e+00,2.653629357425984381e+01
3.937500420150097824e+00,3.028456313033888136e+01
3.942500420864637256e+00,3.437631388057110371e+01
3.947500421579177132e+00,3.813760646437856394e+01
3.952500422293717008e+00,4.114798052425220476e+01
3.957500423008256440e+00,4.244339660028754224e+01
3.962500423722797205e+00,4.179074174542409992e+01
3.967500424437336193e+00,3.915404656646654757e+01
3.972500425151876513e+00,3.494491247018288504e+01
3.977500425866416389e+00,3.048894232737421817e+01
3.982500426580955377e+00,2.690211376389203224e+01
3.987500427295495697e+00,2.463200840869382091e+01
3.992500428010035574e+00,2.368379455986053017e+01
3.997500428724574562e+00,2.405366834671400511e+01
4.002500429439114882e+00,2.512271359309983154e+01
4.007500430153654314e+00,2.599293087012966907e+01
4.012500430868193746e+00,2.604439692001193407e+01
4.017500431582734066e+00,2.498375708769918901e+01
4.022500432297273498e+00,2.365281907089098468e+01
4.027500433011812930e+00,2.258342352550926080e+01
4.032500433726354139e+00,2.197837057937420013e+01
4.037500434440892683e+00,2.247924209783235483e+01
4.042500435155433003e+00,2.415178376384255898e+01
4.047500435869973323e+00,2.640021171860263394e+01
4.052500436584511867e+00,2.915190494436939161e+01
4.057500437299052187e+00,3.190513475664721454e+01
4.062500438013592508e+00,3.394674668896061576e+01
4.067500438728131051e+00,3.516664413543662704e+01
4.072500439442671372e+00,3.525676296018326639e+01
4.077500440157211692e+00,3.481007052073283603e+01
4.082500440871750236e+00,3.409693285554527620e+01
4.087500441586291444e+00,3.387627191057464415e+01
4.092500442300830876e+00,3.471777012911866223e+01
4.097500443015369420e+00,3.743134432877485551e+01
4.102500443729910629e+00,4.210724579910174725e+01
4.107500444444450061e+00,4.849981884654482656e+01
4.112500445158989493e+00,5.686343829444007270e+01
4.117500445873529813e+00,6.617934664122299182e+01
4.122500446588069245e+00,7.541767798621214069e+01
4.127500447302608677e+00,8.401463088117617417e+01
4.132500448017148997e+00,9.128039679713555188e+01
4.137500448731688429e+00,9.747414181381918752e+01
4.142500449446227861e+00,1.008805141880279734e+02
4.147500450160768182e+00,1.017410408380136460e+02
4.152500450875307614e+00,1.001739271481704918e+02
4.157500451589847934e+00,9.691551204716353141e+01
4.162500452304387366e+00,9.200987372082431648e+01
4.167500453018926798e+00,8.575157863559110183e+01
4.172500453733467118e+00,7.928129311077952934e+01
4.177500454448006550e+00,7.327157433420927646e+01
4.182500455162545983e+00,6.819710351650888924e+01
4.187500455877086303e+00,6.431231650634828156e+01
4.192500456591625735e+00,6.085809934708828450e+01
4.197500457306165167e+00,5.730663080607757820e+01
4.202500458020705487e+00,5.364421928872121725e+01
4.207500458735244919e+00,4.982061314121688156e+01
4.212500459449784351e+00,4.643189249626431092e+01
4.217500460164324672e+00,4.393656424376791847e+01
4.222500460878864104e+00,4.270716725545435111e+01
4.227500461593404424e+00,4.250652970909061423e+01
4.232500462307943856e+00,4.312738700841248374e+01
4.237500463022484176e+00,4.389656269132984789e+01
4.242500463737023608e+00,4.379731340063369771e+01
4.247500464451563040e+00,4.193267727267090095e+01
4.252500465166103361e+00,3.892333160336460196e+01
4.257500465880642793e+00,3.614422614899643804e+01
4.262500466595182225e+00,3.420865295043120113e+01
4.267500467309722545e+00,3.310996996593200947e+01
4.272500468024261977e+00,3.212867504577121736e+01
4.277500468738801409e+00,3.094602287559604292e+01
4.282500469453341729e+00,2.966557038658669399e+01
4.287500470167881161e+00,2.807303393319244833e+01
4.292500470882420593e+00,2.595626609977830412e+01
4.297500471596961802e+00,2.433776912836162865e+01
4.302500472311500346e+00,2.372231454751982938e+01
4.307500473026040666e+00,2.396702984231865230e+01
4.312500473740580986e+00,2.457644239962473875e+01
4.317500474455119530e+00,2.525487818975096843e+01
4.322500475169659850e+00,2.589144711802208576e+01
4.327500475884200171e+00,2.581062285876276974e+01
4.332500476598738715e+00,2.538061077521973630e+01
4.337500477313279035e+00,2.462006789027134346e+01
4.342500478027819355e+00,2.343577378486611451e+01
4.347500478742357899e+00,2.249155759998001258e+01
4.352500479456899107e+00,2.174745208935235041e+01
4.357500480171438539e+00,2.083237428355255361e+01
4.362500480885977083e+00,2.004931347826436649e+01
4.367500481600518292e+00,1.880089886124062559e+01
4.372500482315056836e+00,1.723975961973002313e+01
4.377500483029597156e+00,1.524588089750864128e+01
4.382500483744137476e+00,1.323556375582199962e+01
4.387500484458676020e+00,1.152241760503028445e+01
4.392500485173216340e+00,9.926399511246870588e+00
4.397500485887756660e+00,8.988749499080995520e+00
4.402500486602295204e+00,8.158117260620770139e+00
4.407500487316835525e+00,7.522678854656874137e+00
4.412500488031375845e+00,7.121293933246704455e+00
4.417500488745914389e+00,6.279046513203525137e+00
4.422500489460455597e+00,5.477697856955273892e+00
4.427500490174995029e+00,4.603672312393484845e+00
4.432500490889533573e+00,3.657346863656982805e+00
4.437500491604074782e+00,2.630095808867508822e+00
4.442500492318614214e+00,1.558947742556313187e+00
4.447500493033153646e+00,5.652208095706328095e-01
4.452500493747693966e+00,0.000000000000000000e+00
4.457500494462233398e+00,1.004787019128912107e-01
4.462500495176772830e+00,3.237294533124099871e-01
4.467500495891313150e+00,5.921568229964577768e-01
4.472500496605852582e+00,1.232126560954441175e+00
4.477500497320392014e+00,2.394375754615907681e+00
4.482500498034932335e+00,4.136745983153275574e+00
4.487500498749471767e+00,6.282734342872174693e+00
4.492500499464012087e+00,8.647354042919403128e+00
4.497500500178551519e+00,1.098201965918934775e+01
4.502500500893091839e+00,1.302538941948580486e+01
4.507500501607631271e+00,1.475656954922305886e+01
4.512500502322170703e+00,1.600424513080707811e+01
4.517500503036711024e+00,1.700487712512199323e+01
4.522500503751250456e+00,1.723372654145123306e+01
4.527500504465789888e+00,1.635041107810843641e+01
4.532500505180330208e+00,1.416188730017267972e+01
4.537500505894869640e+00,1.104862861800592100e+01
4.542500506609409072e+00,8.058100629052773911e+00
4.547500507323949392e+00,5.547247690109031737e+00
4.552500508038488825e+00,3.630216305994338200e+00
4.557500508753028257e+00,2.286387356118041225e+00
4.562500509467568577e+00,1.568170283935558018e+00
4.567500510182108009e+00,1.291615889916045035e+00
4.572500510896648329e+00,1.580148021000866265e+00
4.577500511611187761e+00,2.092774019824105380e+00
4.582500512325727193e+00,2.852148689556997851e+00
4.587500513040267514e+00,3.528448805629693652e+00
4.592500513754806946e+00,4.040721992687679176e+00
4.597500514469346378e+00,4.691499761700868021e+00
4.602500515183886698e+00,5.521320215046387148e+00
4.607500515898426130e+00,6.422497577758463194e+00
4.612500516612965562e+00,7.222160527610810732e+00
4.617500517327505882e+00,7.649750974414018856e+00
4.622500518042045314e+00,7.841052380330438609e+00
4.627500518756584746e+00,7.942163148548388563e+00
4.632500519471125955e+00,8.251403361566417516e+00
4.637500520185664499e+00,8.704849449161372377e+00
4.642500520900204819e+00,8.944205282142604574e+00
4.647500521614745139e+00,8.915160326652085132e+00
4.652500522329283683e+00,8.640460933224346718e+00
4.657500523043824003e+00,8.404541684449498007e+00
4.662500523758364324e+00,8.170487064895326057e+00
4.667500524472902868e+00,7.728621548997921309e+00
4.672500525187443188e+00,7.508857013176452710e+00
4.677500525901983508e+00,7.362431017083167717e+00
4.682500526616522052e+00,7.312822330948677063e+00
4.687500527331063260e+00,7.178431599646955874e+00
4.692500528045602692e+00,6.850047163011197426e+00
4.697500528760141236e+00,6.578168053879210220e+00
4.702500529474682445e+00,6.813671722708079415e+00
4.707500530189221877e+00,7.127461254371155519e+00
4.712500530903761309e+00,7.376877721675782595e+00
4.717500531618301629e+00,7.530681874817389598e+00
4.722500532332841061e+00,7.634660830837276535e+00
4.727500533047380493e+00,7.752332419323920476e+00
4.732500533761920813e+00,7.927927360152011715e+00
4.737500534476460246e+00,8.420092876763760614e+00
4.742500535190999678e+00,9.161762080937251085e+00
4.747500535905539998e+00,1.007210465638098640e+01
4.752500536620079430e+00,1.101166601889434560e+01
4.757500537334618862e+00,1.164931067573951395e+01
4.762500538049159182e+00,1.219037163971131577e+01
4.767500538763698614e+00,1.270022830999516827e+01
4.772500539478238046e+00,1.363268781982475275e+01
4.777500540192778367e+00,1.455251921617372091e+01
4.782500540907317799e+00,1.554960751248808037e+01
4.787500541621858119e+00,1.655761823947170797e+01
4.792500542336397551e+00,1.730346033571464659e+01
4.797500543050936983e+00,1.828378761253355833e+01
4.802500543765477303e+00,1.925056393952360168e+01
4.807500544480016735e+00,2.049621949456144421e+01
4.812500545194556167e+00,2.235300989466264809e+01
4.817500545909096488e+00,2.474178328582843278e+01
4.822500546623636808e+00,2.808079381961192666e+01
4.827500547338175352e+00,3.196755590116276835e+01
4.832500548052715672e+00,3.607673237282551781e+01
4.837500548767255992e+00,4.087284203367153168e+01
4.842500549481794536e+00,4.596142541098515721e+01
4.847500550196334856e+00,5.106994075635759600e+01
4.852500550910875177e+00,5.496750281522173509e+01
4.857500551625414609e+00,5.677158448700885174e+01
4.862500552339954041e+00,5.638801926655662555e+01
4.867500553054494361e+00,5.426261867575192355e+01
4.872500553769033793e+00,5.106046303501409511e+01
4.877500554483574113e+00,4.832004575040912187e+01
4.882500555198113545e+00,4.665032531560405005e+01
4.887500555912652977e+00,4.599345114194261441e+01
4.892500556627193298e+00,4.625092322642120735e+01
4.897500557341732730e+00,4.664287559895097957e+01
4.902500558056272162e+00,4.727536758212772838e+01
4.907500558770812482e+00,4.783038623263979616e+01
4.912500559485352802e+00,4.835551919282960398e+01
4.917500560199891346e+00,4.939035849929035749e+01
4.922500560914431667e+00,5.109775668638462776e+01
4.927500561628971987e+00,5.277740710850935102e+01
4.932500562343510531e+00,5.417163007290832866e+01
4.937500563058050851e+00,5.552060965608461629e+01
4.942500563772590283e+00,5.711781362567148790e+01
4.947500564487130603e+00,5.869408767871971122e+01
4.952500565201670035e+00,6.031774089091413771e+01
4.957500565916209467e+00,6.208750836306199972e+01
4.962500566630749788e+00,6.328227045937296680e+01
4.967500567345289220e+00,6.432586603988602292e+01
4.972500568059828652e+00,6.501640154249821535e+01
4.977500568774368972e+00,6.590161719390476947e+01
4.982500569488909292e+00,6.765107939241516988e+01
4.987500570203447836e+00,6.966018461420054564e+01
4.992500570917988156e+00,7.186937328048588824e+01
4.997500571632528477e+00,7.439025890794079032e+01
5.002500572347067020e+00,7.735069036453791114e+01
5.007500573061607341e+00,8.091373380315258146e+01
5.012500573776147661e+00,8.525142754437240455e+01
5.017500574490687093e+00,9.053547421517259863e+01
5.022500575205226525e+00,9.726060500672900844e+01
5.027500575919766845e+00,1.054733394400450948e+02
5.032500576634306277e+00,1.161428044577485821e+02
5.037500577348845709e+00,1.293203718752659483e+02
5.042500578063386030e+00,1.454716896308236755e+02
5.047500578777925462e+00,1.637683993147444994e+02
5.052500579492465782e+00,1.833283400268738319e+02
5.057500580207005214e+00,2.025217922730619193e+02
5.062500580921544646e+00,2.199239010608697527e+02
5.067500581636084966e+00,2.361796356163680457e+02
5.072500582350624398e+00,2.515971731731988825e+02
5.077500583065163831e+00,2.632171738749211727e+02
5.082500583779704151e+00,2.683801635875150851e+02
5.087500584494244471e+00,2.638632526493775572e+02
5.092500585208783015e+00,2.496687711252323538e+02
5.097500585923323335e+00,2.281135632397291033e+02
5.102500586637863655e+00,2.020960772211859648e+02
5.107500587352402199e+00,1.751635344910509389e+02
5.112500588066942520e+00,1.523093844978851621e+02
5.117500588781482840e+00,1.357298965142376233e+02
5.122500589496022272e+00,1.248869037772725505e+02
5.127500590210561704e+00,1.172072663793969127e+02
5.132500590925102024e+00,1.117929847936499641e+02
5.137500591639641456e+00,1.072039452350310853e+02
5.142500592354181776e+00,1.034639621409751271e+02
5.147500593068720320e+00,9.982872250728559038e+01
5.152500593783260641e+00,9.591246435493485478e+01
5.157500594497800961e+00,9.217027653475304305e+01
5.162500595212339505e+00,8.917071225281910074e+01
5.167500595926879825e+00,8.661208545717926199e+01
5.172500596641420145e+00,8.413573377730574521e+01
5.177500597355959577e+00,8.145074386588743209e+01
5.182500598070499009e+00,7.848336546133884895e+01
5.187500598785039330e+00,7.547057828232715337e+01
5.192500599499578762e+00,7.280304857074230540e+01
5.197500600214118194e+00,7.050047088857661493e+01
5.202500600928658514e+00,6.871220898706241087e+01
5.207500601643197946e+00,6.704911343362738307e+01
5.212500602357738266e+00,6.530160022517907237e+01
5.217500603072277698e+00,6.357572866896151709e+01
5.222500603786817130e+00,6.194380563060582290e+01
5.227500604501357451e+00,6.031840897163050386e+01
5.232500605215896883e+00,5.883605454163017612e+01
5.237500605930436315e+00,5.782747205718095529e+01
5.242500606644976635e+00,5.703653820731307178e+01
5.247500607359516955e+00,5.635193558905734790e+01
5.252500608074055499e+00,5.622954650627195861e+01
5.257500608788595819e+00,5.644562679777499170e+01
5.262500609503136140e+00,5.691269328850853526e+01
5.267500610217674684e+00,5.839693101610890835e+01
5.272500610932215004e+00,6.069540880707671704e+01
5.277500611646755324e+00,6.406506487248122994e+01
5.282500612361294756e+00,6.822231007944498060e+01
5.287500613075834188e+00,7.244330871286626916e+01
5.292500613790374508e+00,7.680396870979080859e+01
5.297500614504913941e+00,8.148032618090115875e+01
5.302500615219453373e+00,8.640946459996757767e+01
5.307500615933993693e+00,9.085332705970898814e+01
5.312500616648533125e+00,9.360907393781189967e+01
5.317500617363073445e+00,9.395396815083586262e+01
5.322500618077612877e+00,9.175429239053909214e+01
5.327500618792152309e+00,8.746144287388733574e+01
5.332500619506692630e+00,8.143523256570227886e+01
5.337500620221232062e+00,7.481605304390257061e+01
5.342500620935771494e+00,6.841070823973808501e+01
5.347500621650311814e+00,6.267636219169520473e+01
5.352500622364851246e+00,5.808662791268557157e+01
5.357500623079390678e+00,5.443317261465887213e+01
5.362500623793930998e+00,5.148559930039749588e+01
5.367500624508470430e+00,4.910869529867409256e+01
5.372500625223009862e+00,4.756019227402094884e+01
5.377500625937550183e+00,4.620689171500748671e+01
5.382500626652089615e+00,4.485095887955770877e+01
5.387500627366629935e+00,4.283859589065161799e+01
5.392500628081169367e+00,4.063688499804675303e+01
5.397500628795708799e+00,3.821443433022886893e+01
5.402500629510249119e+00,3.516912447644790518e+01
5.407500630224788551e+00,3.187642391640446249e+01
5.412500630939327984e+00,2.857895811204542724e+01
5.417500631653868304e+00,2.533160838452340613e+01
5.422500632368408624e+00,2.240602241223871260e+01
5.427500633082947168e+00,2.017931662342084564e+01
5.432500633797487488e+00,1.830692775862939925e+01
5.437500634512027808e+00,1.642079402309730085e+01
5.442500635226567240e+00,1.486791099493768797e+01
5.447500635941106673e+00,1.386386556068754317e+01
5.452500636655646993e+00,1.329703513406036564e+01
5.457500637370186425e+00,1.292789795868264946e+01
5.462500638084725857e+00,1.260207632098371278e+01
5.467500638799266177e+00,1.248602380605473172e+01
5.472500639513805609e+00,1.205555068827737841e+01
5.477500640228345929e+00,1.150579707585433198e+01
5.482500640942885362e+00,1.120582275455785748e+01
5.487500641657424794e+00,1.143020508812571734e+01
5.492500642371965114e+00,1.177084321747730655e+01
5.497500643086504546e+00,1.168419927165257377e+01
